6/18/2013
11:07 AM
3454423658.007000
101	102	103	104	105	106	107	108	109	110	111	112	113	114	115	116	117	118	119	120	201	202	203	204	205	206	207	208	209	210	211	212	213	101 Time	102 Time	103 Time	104 Time	105 Time	106 Time	107 Time	108 Time	109 Time	110 Time	111 Time	112 Time	113 Time	114 Time	115 Time	116 Time	117 Time	118 Time	119 Time	120 Time	201 Time	202 Time	203 Time	204 Time	205 Time	206 Time	207 Time	208 Time	209 Time	210 Time	211 Time	212 Time	213 Time	
24.126000	20.654000	20.964000	21.015000	21.053000	21.086000	22.077000	21.793000	21.322000	21.337000	21.433000	21.359000	21.321000	21.258000	21.276000	21.253000	21.289000	21.184000	21.247000	21.384000	20.993000	21.461000	20.836000	5.374000	20.845000	21.436000	20.909000	21.004000	21.066000	21.146000	21.249000	21.210000	21.293000	0.000000	0.037000	0.075000	0.113000	0.151000	0.189000	0.227000	0.265000	0.302000	0.340000	0.378000	0.416000	0.454000	0.492000	0.530000	0.568000	0.606000	0.644000	0.681000	0.719000	0.759000	0.796000	0.834000	0.872000	0.910000	0.948000	0.986000	1.024000	1.062000	1.100000	1.137000	1.175000	1.213000
23.910000	20.647000	20.978000	21.011000	21.049000	21.070000	22.063000	21.773000	21.312000	21.324000	21.420000	21.352000	21.331000	21.268000	21.272000	21.257000	21.300000	21.180000	21.257000	21.381000	20.973000	21.464000	20.859000	5.347000	20.855000	21.436000	20.923000	21.011000	21.100000	21.149000	21.279000	21.246000	21.293000	5.984000	6.022000	6.060000	6.098000	6.136000	6.174000	6.212000	6.250000	6.288000	6.326000	6.363000	6.401000	6.439000	6.477000	6.515000	6.553000	6.591000	6.629000	6.667000	6.705000	6.744000	6.782000	6.820000	6.858000	6.896000	6.933000	6.971000	7.009000	7.047000	7.085000	7.123000	7.161000	7.199000
23.853000	20.661000	20.988000	20.998000	21.046000	21.073000	22.033000	21.769000	21.305000	21.294000	21.427000	21.345000	21.318000	21.268000	21.265000	21.240000	21.279000	21.180000	21.257000	21.387000	20.969000	21.461000	20.846000	5.360000	20.835000	21.446000	20.916000	20.988000	21.090000	21.169000	21.283000	21.206000	21.273000	11.984000	12.022000	12.060000	12.098000	12.136000	12.174000	12.212000	12.250000	12.287000	12.325000	12.363000	12.401000	12.439000	12.477000	12.515000	12.553000	12.590000	12.628000	12.666000	12.704000	12.744000	12.782000	12.820000	12.858000	12.895000	12.933000	12.971000	13.009000	13.047000	13.085000	13.123000	13.161000	13.199000
23.763000	20.674000	20.985000	21.038000	21.063000	21.083000	22.046000	21.769000	21.305000	21.320000	21.413000	21.335000	21.341000	21.274000	21.279000	21.240000	21.296000	21.177000	21.263000	21.387000	20.949000	21.471000	20.836000	5.395000	20.839000	21.433000	20.906000	20.991000	21.083000	21.153000	21.286000	21.240000	21.279000	17.984000	18.022000	18.060000	18.098000	18.136000	18.174000	18.212000	18.249000	18.287000	18.325000	18.363000	18.401000	18.439000	18.477000	18.515000	18.553000	18.591000	18.628000	18.667000	18.705000	18.744000	18.782000	18.820000	18.858000	18.896000	18.934000	18.971000	19.009000	19.047000	19.085000	19.123000	19.161000	19.199000
23.652000	20.661000	20.978000	21.021000	21.066000	21.076000	22.033000	21.742000	21.325000	21.304000	21.410000	21.352000	21.338000	21.268000	21.262000	21.247000	21.306000	21.167000	21.250000	21.381000	20.936000	21.471000	20.862000	5.378000	20.825000	21.426000	20.903000	20.988000	21.090000	21.183000	21.286000	21.243000	21.286000	23.984000	24.022000	24.060000	24.098000	24.136000	24.174000	24.211000	24.249000	24.287000	24.325000	24.363000	24.401000	24.439000	24.477000	24.514000	24.552000	24.590000	24.628000	24.666000	24.704000	24.744000	24.781000	24.819000	24.857000	24.895000	24.933000	24.971000	25.009000	25.047000	25.084000	25.122000	25.160000	25.198000
23.599000	20.651000	20.961000	20.995000	21.036000	21.080000	22.013000	21.739000	21.329000	21.290000	21.427000	21.355000	21.311000	21.264000	21.245000	21.240000	21.303000	21.184000	21.267000	21.394000	20.929000	21.461000	20.825000	5.374000	20.832000	21.419000	20.909000	20.991000	21.080000	21.159000	21.290000	21.223000	21.266000	29.984000	30.022000	30.060000	30.098000	30.136000	30.174000	30.212000	30.250000	30.287000	30.325000	30.363000	30.401000	30.439000	30.477000	30.515000	30.553000	30.591000	30.629000	30.666000	30.704000	30.744000	30.782000	30.820000	30.857000	30.895000	30.933000	30.971000	31.009000	31.047000	31.085000	31.123000	31.160000	31.198000
23.518000	20.654000	20.968000	21.011000	21.056000	21.076000	22.000000	21.749000	21.322000	21.297000	21.427000	21.339000	21.311000	21.284000	21.272000	21.253000	21.303000	21.180000	21.253000	21.387000	20.922000	21.457000	20.849000	5.384000	20.829000	21.419000	20.913000	20.991000	21.076000	21.169000	21.273000	21.230000	21.273000	35.984000	36.022000	36.060000	36.098000	36.136000	36.174000	36.212000	36.250000	36.287000	36.325000	36.363000	36.401000	36.439000	36.477000	36.515000	36.553000	36.591000	36.629000	36.666000	36.704000	36.744000	36.782000	36.820000	36.858000	36.896000	36.933000	36.971000	37.009000	37.047000	37.085000	37.123000	37.161000	37.198000
23.452000	20.654000	20.964000	21.011000	21.059000	21.063000	21.993000	21.726000	21.325000	21.284000	21.437000	21.339000	21.321000	21.244000	21.276000	21.230000	21.300000	21.180000	21.257000	21.374000	20.909000	21.441000	20.836000	5.398000	20.829000	21.429000	20.909000	20.981000	21.090000	21.142000	21.300000	21.206000	21.279000	41.984000	42.022000	42.060000	42.098000	42.136000	42.174000	42.211000	42.249000	42.287000	42.325000	42.363000	42.401000	42.439000	42.477000	42.514000	42.552000	42.590000	42.628000	42.666000	42.704000	42.744000	42.782000	42.820000	42.857000	42.895000	42.933000	42.971000	43.009000	43.047000	43.085000	43.123000	43.161000	43.198000
23.401000	20.644000	20.964000	21.005000	21.059000	21.063000	21.976000	21.739000	21.302000	21.310000	21.403000	21.345000	21.308000	21.261000	21.259000	21.253000	21.300000	21.190000	21.267000	21.384000	20.898000	21.443000	20.838000	5.374000	20.815000	21.429000	20.916000	20.998000	21.077000	21.157000	21.297000	21.231000	21.284000	47.984000	48.022000	48.060000	48.098000	48.136000	48.174000	48.211000	48.249000	48.287000	48.325000	48.363000	48.401000	48.439000	48.477000	48.515000	48.552000	48.590000	48.628000	48.666000	48.704000	48.744000	48.782000	48.820000	48.858000	48.895000	48.933000	48.972000	49.009000	49.047000	49.085000	49.123000	49.161000	49.199000
23.344000	20.647000	20.988000	20.991000	21.049000	21.066000	21.980000	21.719000	21.312000	21.274000	21.420000	21.355000	21.315000	21.281000	21.286000	21.240000	21.289000	21.187000	21.253000	21.391000	20.890000	21.432000	20.830000	5.414000	20.835000	21.426000	20.907000	20.979000	21.098000	21.154000	21.292000	21.242000	21.289000	53.984000	54.022000	54.060000	54.098000	54.136000	54.174000	54.211000	54.249000	54.287000	54.325000	54.363000	54.401000	54.439000	54.477000	54.515000	54.553000	54.590000	54.628000	54.666000	54.704000	54.744000	54.782000	54.819000	54.857000	54.895000	54.933000	54.971000	55.009000	55.047000	55.085000	55.122000	55.160000	55.198000
23.298000	20.647000	20.985000	20.991000	21.056000	21.046000	21.969000	21.702000	21.325000	21.284000	21.420000	21.352000	21.301000	21.264000	21.262000	21.230000	21.276000	21.180000	21.247000	21.394000	20.875000	21.411000	20.833000	5.373000	20.835000	21.423000	20.904000	20.993000	21.098000	21.171000	21.319000	21.240000	21.296000	59.984000	60.022000	60.060000	60.098000	60.136000	60.174000	60.212000	60.250000	60.288000	60.326000	60.364000	60.402000	60.439000	60.477000	60.515000	60.553000	60.591000	60.629000	60.667000	60.704000	60.744000	60.782000	60.820000	60.858000	60.896000	60.933000	60.971000	61.009000	61.047000	61.085000	61.123000	61.161000	61.199000
23.243000	20.657000	20.987000	21.010000	21.047000	21.061000	21.944000	21.717000	21.299000	21.277000	21.410000	21.339000	21.318000	21.271000	21.262000	21.230000	21.272000	21.200000	21.233000	21.374000	20.848000	21.434000	20.823000	5.397000	20.831000	21.419000	20.921000	21.010000	21.095000	21.165000	21.299000	21.267000	21.306000	65.984000	66.022000	66.060000	66.098000	66.136000	66.174000	66.212000	66.249000	66.287000	66.325000	66.363000	66.401000	66.439000	66.477000	66.515000	66.553000	66.591000	66.628000	66.666000	66.704000	66.744000	66.782000	66.820000	66.858000	66.896000	66.933000	66.971000	67.009000	67.047000	67.085000	67.123000	67.161000	67.199000
23.206000	20.673000	20.963000	20.997000	21.057000	21.074000	21.934000	21.690000	21.299000	21.274000	21.420000	21.349000	21.321000	21.254000	21.235000	21.257000	21.295000	21.180000	21.243000	21.374000	20.865000	21.421000	20.820000	5.414000	20.835000	21.423000	20.897000	20.990000	21.072000	21.165000	21.282000	21.236000	21.286000	71.984000	72.022000	72.060000	72.098000	72.136000	72.174000	72.212000	72.249000	72.287000	72.325000	72.363000	72.401000	72.439000	72.477000	72.515000	72.553000	72.591000	72.628000	72.666000	72.704000	72.744000	72.782000	72.820000	72.858000	72.896000	72.934000	72.971000	73.009000	73.047000	73.085000	73.123000	73.161000	73.199000
23.166000	20.659000	20.975000	20.998000	21.042000	21.069000	21.931000	21.691000	21.306000	21.288000	21.404000	21.326000	21.315000	21.271000	21.272000	21.230000	21.299000	21.194000	21.240000	21.367000	20.837000	21.430000	20.842000	5.386000	20.801000	21.426000	20.901000	21.003000	21.082000	21.166000	21.307000	21.255000	21.277000	77.984000	78.022000	78.060000	78.098000	78.136000	78.174000	78.212000	78.250000	78.287000	78.325000	78.363000	78.401000	78.439000	78.477000	78.515000	78.553000	78.591000	78.628000	78.666000	78.704000	78.744000	78.782000	78.820000	78.858000	78.895000	78.933000	78.971000	79.009000	79.047000	79.085000	79.123000	79.160000	79.198000
23.145000	20.675000	20.962000	21.001000	21.039000	21.059000	21.921000	21.694000	21.343000	21.278000	21.407000	21.343000	21.308000	21.247000	21.262000	21.237000	21.285000	21.187000	21.253000	21.384000	20.806000	21.397000	20.804000	5.378000	20.827000	21.416000	20.902000	21.008000	21.101000	21.171000	21.316000	21.275000	21.352000	83.984000	84.022000	84.060000	84.098000	84.136000	84.174000	84.212000	84.250000	84.287000	84.325000	84.363000	84.401000	84.439000	84.477000	84.515000	84.553000	84.591000	84.629000	84.666000	84.704000	84.744000	84.782000	84.820000	84.858000	84.895000	84.933000	84.971000	85.009000	85.047000	85.085000	85.123000	85.160000	85.198000
23.183000	20.721000	21.047000	21.062000	21.085000	21.087000	21.925000	21.718000	21.327000	21.273000	21.422000	21.327000	21.295000	21.268000	21.268000	21.236000	21.268000	21.193000	21.253000	21.373000	20.834000	21.395000	20.804000	5.385000	20.831000	21.429000	20.921000	21.031000	21.107000	21.194000	21.336000	21.280000	21.347000	89.984000	90.022000	90.060000	90.098000	90.136000	90.174000	90.212000	90.250000	90.287000	90.325000	90.363000	90.401000	90.439000	90.477000	90.515000	90.553000	90.591000	90.629000	90.667000	90.704000	90.744000	90.782000	90.820000	90.858000	90.896000	90.934000	90.971000	91.009000	91.047000	91.085000	91.123000	91.161000	91.199000
23.172000	20.776000	21.068000	21.056000	21.105000	21.113000	21.941000	21.712000	21.335000	21.288000	21.433000	21.350000	21.322000	21.292000	21.235000	21.233000	21.288000	21.183000	21.246000	21.367000	20.826000	21.397000	20.814000	5.416000	20.851000	21.443000	20.942000	21.018000	21.121000	21.205000	21.320000	21.281000	21.345000	95.984000	96.022000	96.060000	96.098000	96.136000	96.174000	96.211000	96.249000	96.287000	96.325000	96.363000	96.401000	96.439000	96.477000	96.515000	96.552000	96.590000	96.628000	96.666000	96.704000	96.744000	96.782000	96.820000	96.857000	96.895000	96.933000	96.971000	97.009000	97.047000	97.085000	97.123000	97.161000	97.198000
23.350000	20.747000	21.042000	21.064000	21.093000	21.082000	21.919000	21.705000	21.341000	21.284000	21.433000	21.347000	21.335000	21.245000	21.268000	21.219000	21.271000	21.170000	21.246000	21.363000	20.831000	21.401000	20.814000	5.382000	20.797000	21.419000	20.901000	21.014000	21.104000	21.187000	21.316000	21.267000	21.327000	101.984000	102.022000	102.060000	102.098000	102.136000	102.174000	102.211000	102.249000	102.287000	102.325000	102.363000	102.401000	102.439000	102.477000	102.515000	102.552000	102.590000	102.628000	102.666000	102.704000	102.744000	102.782000	102.819000	102.857000	102.895000	102.933000	102.971000	103.009000	103.047000	103.085000	103.123000	103.160000	103.198000
23.603000	20.753000	21.048000	21.062000	21.099000	21.103000	21.904000	21.716000	21.341000	21.281000	21.433000	21.347000	21.325000	21.231000	21.255000	21.219000	21.288000	21.193000	21.236000	21.367000	20.808000	21.408000	20.787000	5.392000	20.824000	21.453000	20.921000	21.004000	21.124000	21.184000	21.322000	21.267000	21.324000	107.984000	108.022000	108.060000	108.098000	108.136000	108.174000	108.212000	108.250000	108.287000	108.325000	108.363000	108.401000	108.439000	108.477000	108.515000	108.552000	108.590000	108.628000	108.666000	108.704000	108.744000	108.782000	108.819000	108.857000	108.895000	108.933000	108.971000	109.009000	109.047000	109.085000	109.122000	109.160000	109.198000
23.872000	20.734000	21.042000	21.061000	21.743000	21.095000	21.906000	21.685000	21.327000	21.260000	21.423000	21.327000	21.308000	21.275000	21.248000	21.223000	21.285000	21.170000	21.233000	21.363000	20.810000	21.397000	20.797000	5.447000	20.847000	21.423000	20.909000	21.002000	21.115000	21.178000	21.316000	21.271000	21.322000	113.984000	114.022000	114.060000	114.098000	114.136000	114.174000	114.211000	114.249000	114.287000	114.325000	114.363000	114.401000	114.438000	114.476000	114.514000	114.552000	114.590000	114.628000	114.666000	114.704000	114.743000	114.781000	114.819000	114.857000	114.895000	114.933000	114.970000	115.008000	115.046000	115.084000	115.122000	115.160000	115.198000
24.294000	20.754000	21.042000	21.071000	21.712000	21.075000	21.889000	21.678000	21.341000	21.263000	21.413000	21.313000	21.302000	21.265000	21.251000	21.213000	21.258000	21.196000	21.223000	21.363000	20.820000	21.397000	20.804000	5.406000	20.811000	21.423000	20.919000	21.005000	21.115000	21.198000	21.330000	21.281000	21.328000	119.984000	120.022000	120.060000	120.098000	120.136000	120.174000	120.212000	120.249000	120.287000	120.326000	120.363000	120.401000	120.439000	120.477000	120.515000	120.553000	120.591000	120.629000	120.667000	120.705000	120.744000	120.782000	120.820000	120.858000	120.896000	120.934000	120.972000	121.010000	121.047000	121.085000	121.123000	121.161000	121.199000
158.779000	20.743000	21.054000	21.069000	21.781000	21.103000	21.880000	21.689000	21.338000	21.274000	21.426000	21.347000	21.319000	21.255000	21.228000	21.223000	21.255000	21.166000	21.249000	21.343000	20.785000	21.386000	20.779000	5.402000	20.813000	21.429000	20.899000	20.992000	21.108000	21.195000	21.300000	21.286000	21.360000	125.984000	126.022000	126.060000	126.098000	126.136000	126.174000	126.212000	126.250000	126.287000	126.325000	126.363000	126.401000	126.439000	126.477000	126.515000	126.553000	126.591000	126.628000	126.666000	126.704000	126.744000	126.782000	126.819000	126.857000	126.895000	126.933000	126.971000	127.009000	127.047000	127.085000	127.122000	127.160000	127.198000
257.112000	20.743000	21.044000	21.076000	21.775000	21.083000	21.887000	21.706000	21.331000	21.261000	21.416000	21.333000	21.325000	21.262000	21.231000	21.236000	21.305000	21.156000	21.236000	21.350000	20.778000	21.396000	20.803000	5.402000	20.807000	21.413000	20.905000	20.995000	21.105000	21.192000	21.334000	21.283000	21.343000	131.984000	132.022000	132.060000	132.098000	132.136000	132.174000	132.212000	132.250000	132.287000	132.325000	132.363000	132.401000	132.439000	132.477000	132.515000	132.553000	132.591000	132.629000	132.666000	132.704000	132.744000	132.782000	132.819000	132.857000	132.895000	132.933000	132.971000	133.009000	133.047000	133.085000	133.123000	133.161000	133.198000
7.161000	20.745000	21.037000	21.075000	21.737000	21.107000	21.884000	21.710000	21.339000	21.275000	21.411000	21.345000	21.330000	21.263000	21.246000	21.231000	21.289000	21.164000	21.244000	21.364000	20.790000	21.393000	20.783000	5.382000	20.834000	21.429000	20.912000	21.018000	21.118000	21.185000	21.323000	21.281000	21.328000	137.984000	138.022000	138.060000	138.098000	138.136000	138.174000	138.212000	138.250000	138.288000	138.325000	138.363000	138.401000	138.439000	138.477000	138.515000	138.553000	138.591000	138.629000	138.666000	138.704000	138.744000	138.782000	138.819000	138.857000	138.895000	138.933000	138.971000	139.009000	139.047000	139.085000	139.123000	139.161000	139.198000
23.038000	20.746000	21.048000	21.066000	21.684000	21.110000	21.870000	21.692000	21.335000	21.264000	21.416000	21.337000	21.308000	21.262000	21.245000	21.239000	21.268000	21.156000	21.233000	21.350000	20.758000	21.399000	20.786000	5.374000	20.797000	21.419000	20.909000	20.992000	21.105000	21.179000	21.307000	21.283000	21.330000	143.984000	144.022000	144.060000	144.098000	144.136000	144.174000	144.212000	144.250000	144.287000	144.325000	144.363000	144.401000	144.439000	144.477000	144.515000	144.553000	144.591000	144.629000	144.666000	144.704000	144.744000	144.782000	144.820000	144.857000	144.895000	144.933000	144.971000	145.009000	145.047000	145.085000	145.123000	145.161000	145.198000
43.824000	20.689000	21.008000	21.040000	21.679000	21.065000	21.854000	21.679000	21.302000	21.279000	21.421000	21.339000	21.325000	21.261000	21.258000	21.239000	21.275000	21.200000	21.246000	21.370000	20.762000	21.383000	20.769000	5.422000	20.807000	21.433000	20.922000	20.995000	21.082000	21.162000	21.327000	21.286000	21.330000	149.984000	150.022000	150.060000	150.098000	150.136000	150.174000	150.212000	150.250000	150.288000	150.326000	150.364000	150.402000	150.439000	150.477000	150.515000	150.553000	150.591000	150.629000	150.667000	150.705000	150.745000	150.782000	150.820000	150.858000	150.896000	150.934000	150.972000	151.010000	151.048000	151.086000	151.124000	151.161000	151.199000
179.112000	20.741000	21.040000	21.044000	21.670000	21.093000	21.844000	21.680000	21.329000	21.269000	21.418000	21.343000	21.331000	21.268000	21.234000	21.235000	21.284000	21.192000	21.259000	21.386000	20.745000	21.386000	20.786000	5.364000	20.800000	21.419000	20.905000	20.985000	21.082000	21.179000	21.310000	21.263000	21.356000	155.984000	156.022000	156.060000	156.098000	156.136000	156.174000	156.212000	156.249000	156.287000	156.325000	156.363000	156.401000	156.439000	156.477000	156.515000	156.552000	156.590000	156.628000	156.666000	156.704000	156.744000	156.782000	156.820000	156.857000	156.895000	156.933000	156.971000	157.009000	157.047000	157.085000	157.123000	157.161000	157.198000
306.232000	20.741000	21.030000	21.061000	21.644000	21.083000	21.831000	21.693000	21.349000	21.279000	21.408000	21.356000	21.328000	21.264000	21.251000	21.249000	21.294000	21.172000	21.259000	21.372000	20.735000	21.396000	20.776000	5.347000	20.797000	21.413000	20.909000	21.002000	21.108000	21.175000	21.324000	21.226000	21.330000	161.984000	162.022000	162.060000	162.098000	162.136000	162.174000	162.211000	162.249000	162.287000	162.325000	162.363000	162.401000	162.439000	162.477000	162.515000	162.552000	162.590000	162.628000	162.666000	162.704000	162.744000	162.782000	162.820000	162.858000	162.895000	162.933000	162.971000	163.009000	163.047000	163.085000	163.123000	163.161000	163.199000
20.719000	20.717000	21.033000	21.044000	21.396000	21.070000	21.821000	21.667000	21.339000	21.275000	21.415000	21.333000	21.325000	21.274000	21.656000	21.252000	21.294000	21.192000	21.252000	21.359000	20.728000	21.386000	20.783000	5.323000	20.807000	21.426000	20.899000	20.992000	21.105000	21.158000	21.317000	21.273000	21.323000	167.984000	168.022000	168.060000	168.098000	168.136000	168.174000	168.212000	168.249000	168.287000	168.325000	168.363000	168.401000	168.439000	168.477000	168.515000	168.553000	168.590000	168.628000	168.666000	168.704000	168.744000	168.782000	168.820000	168.857000	168.895000	168.933000	168.971000	169.009000	169.047000	169.085000	169.122000	169.160000	169.198000
20.699000	20.729000	21.038000	21.066000	21.082000	21.080000	21.807000	21.665000	21.328000	21.274000	21.413000	21.347000	21.292000	21.241000	21.643000	21.213000	21.288000	21.176000	21.233000	21.340000	20.725000	21.393000	20.789000	5.302000	20.793000	21.413000	20.895000	21.005000	21.082000	21.162000	21.294000	21.273000	21.316000	173.984000	174.022000	174.060000	174.098000	174.136000	174.174000	174.212000	174.249000	174.287000	174.325000	174.363000	174.401000	174.439000	174.477000	174.515000	174.553000	174.591000	174.629000	174.667000	174.705000	174.744000	174.782000	174.820000	174.858000	174.896000	174.934000	174.971000	175.009000	175.047000	175.085000	175.123000	175.161000	175.199000
20.673000	20.744000	21.023000	21.061000	21.095000	21.083000	21.827000	21.660000	21.346000	21.279000	21.404000	21.346000	21.341000	21.244000	21.642000	21.242000	21.281000	21.199000	21.245000	21.393000	20.728000	21.399000	20.800000	5.333000	20.810000	21.406000	20.905000	20.995000	21.112000	21.162000	21.287000	21.266000	21.313000	179.984000	180.023000	180.061000	180.099000	180.137000	180.175000	180.213000	180.251000	180.289000	180.326000	180.364000	180.402000	180.440000	180.478000	180.516000	180.554000	180.592000	180.630000	180.667000	180.705000	180.745000	180.783000	180.821000	180.858000	180.896000	180.934000	180.972000	181.010000	181.048000	181.086000	181.124000	181.162000	181.199000
20.647000	20.720000	21.016000	21.036000	21.083000	21.093000	21.842000	21.545000	21.391000	21.292000	21.442000	21.377000	21.343000	21.302000	21.695000	21.258000	21.334000	21.218000	21.308000	21.412000	20.748000	21.376000	20.779000	5.388000	20.823000	21.409000	20.909000	20.988000	21.098000	21.179000	21.307000	21.283000	21.333000	185.984000	186.022000	186.060000	186.098000	186.136000	186.174000	186.212000	186.250000	186.287000	186.325000	186.363000	186.401000	186.439000	186.477000	186.515000	186.553000	186.591000	186.628000	186.666000	186.704000	186.744000	186.782000	186.820000	186.858000	186.896000	186.933000	186.971000	187.009000	187.047000	187.085000	187.123000	187.161000	187.199000
20.643000	20.687000	21.020000	21.039000	21.632000	21.083000	21.819000	21.357000	21.612000	21.296000	21.435000	21.371000	21.343000	21.306000	21.668000	21.261000	21.320000	21.225000	21.278000	21.402000	20.731000	21.396000	20.803000	5.381000	20.813000	21.406000	20.915000	20.995000	21.085000	21.158000	21.290000	21.273000	21.333000	191.984000	192.022000	192.060000	192.098000	192.136000	192.173000	192.211000	192.249000	192.287000	192.325000	192.363000	192.401000	192.439000	192.477000	192.514000	192.552000	192.590000	192.628000	192.666000	192.704000	192.744000	192.782000	192.819000	192.857000	192.895000	192.933000	192.971000	193.009000	193.047000	193.085000	193.122000	193.160000	193.198000
20.637000	20.713000	21.020000	21.029000	21.632000	21.080000	21.815000	21.354000	21.770000	21.296000	21.435000	21.371000	21.353000	21.269000	21.638000	21.278000	21.313000	21.208000	21.285000	21.412000	20.715000	21.396000	20.793000	5.361000	20.783000	21.406000	20.889000	20.992000	21.092000	21.155000	21.300000	21.269000	21.336000	197.984000	198.022000	198.060000	198.098000	198.136000	198.174000	198.212000	198.250000	198.287000	198.325000	198.363000	198.401000	198.439000	198.477000	198.515000	198.553000	198.591000	198.629000	198.667000	198.704000	198.744000	198.782000	198.820000	198.858000	198.896000	198.933000	198.971000	199.009000	199.047000	199.085000	199.123000	199.161000	199.199000
20.622000	20.696000	21.002000	21.036000	21.615000	21.090000	21.806000	21.385000	21.606000	21.269000	21.433000	21.378000	21.344000	21.290000	21.288000	21.259000	21.338000	21.230000	21.293000	21.417000	20.721000	21.389000	20.789000	5.398000	20.797000	21.399000	20.895000	20.998000	21.082000	21.182000	21.320000	21.256000	21.333000	203.984000	204.022000	204.060000	204.098000	204.136000	204.174000	204.212000	204.250000	204.288000	204.325000	204.363000	204.401000	204.439000	204.477000	204.515000	204.553000	204.591000	204.629000	204.667000	204.704000	204.744000	204.782000	204.820000	204.858000	204.896000	204.934000	204.972000	205.009000	205.047000	205.085000	205.123000	205.161000	205.199000
20.634000	20.698000	20.975000	21.038000	21.612000	21.080000	21.883000	21.351000	21.614000	21.298000	21.441000	21.366000	21.359000	21.292000	21.286000	21.284000	21.340000	21.231000	21.264000	21.421000	20.708000	21.403000	20.786000	5.381000	20.807000	21.416000	20.925000	20.988000	21.095000	21.179000	21.320000	21.276000	21.340000	209.984000	210.022000	210.060000	210.098000	210.136000	210.174000	210.211000	210.249000	210.287000	210.325000	210.363000	210.401000	210.439000	210.477000	210.515000	210.552000	210.590000	210.628000	210.666000	210.704000	210.744000	210.781000	210.819000	210.857000	210.895000	210.933000	210.971000	211.009000	211.047000	211.085000	211.123000	211.160000	211.198000
20.621000	20.671000	20.978000	21.028000	21.585000	21.070000	21.853000	21.375000	21.624000	21.294000	21.451000	21.376000	21.342000	21.295000	21.313000	21.261000	21.327000	21.218000	21.311000	21.421000	20.728000	21.386000	20.783000	5.361000	20.820000	21.409000	20.895000	20.978000	21.082000	21.169000	21.300000	21.279000	21.330000	215.984000	216.022000	216.060000	216.098000	216.136000	216.174000	216.211000	216.249000	216.287000	216.325000	216.363000	216.401000	216.439000	216.477000	216.515000	216.552000	216.590000	216.628000	216.666000	216.704000	216.744000	216.782000	216.820000	216.858000	216.895000	216.934000	216.972000	217.009000	217.047000	217.085000	217.123000	217.161000	217.199000
20.639000	20.709000	21.016000	21.019000	21.582000	21.070000	21.833000	21.358000	21.630000	21.279000	21.453000	21.365000	21.344000	21.297000	21.278000	21.279000	21.295000	21.227000	21.276000	21.410000	20.701000	21.376000	20.786000	5.333000	20.797000	21.409000	20.882000	20.988000	21.088000	21.158000	21.287000	21.256000	21.309000	221.984000	222.023000	222.061000	222.099000	222.137000	222.175000	222.213000	222.251000	222.288000	222.326000	222.364000	222.402000	222.440000	222.478000	222.516000	222.554000	222.592000	222.630000	222.668000	222.705000	222.745000	222.783000	222.821000	222.859000	222.897000	222.935000	222.972000	223.010000	223.048000	223.086000	223.124000	223.162000	223.200000
20.597000	20.685000	21.002000	21.032000	21.582000	21.060000	21.816000	21.358000	21.624000	21.298000	21.447000	21.356000	21.342000	21.302000	21.300000	21.257000	21.327000	21.231000	21.304000	21.418000	20.705000	21.399000	20.789000	5.378000	20.803000	21.379000	20.879000	20.995000	21.068000	21.155000	21.307000	21.259000	21.303000	227.984000	228.022000	228.060000	228.098000	228.136000	228.174000	228.212000	228.250000	228.287000	228.325000	228.363000	228.401000	228.439000	228.477000	228.515000	228.553000	228.590000	228.628000	228.666000	228.704000	228.744000	228.782000	228.820000	228.857000	228.895000	228.933000	228.971000	229.009000	229.047000	229.085000	229.122000	229.160000	229.198000
20.594000	20.685000	21.015000	21.025000	21.559000	21.067000	21.789000	21.361000	21.634000	21.301000	21.427000	21.373000	21.328000	21.298000	21.313000	21.277000	21.327000	21.231000	21.297000	21.408000	20.675000	21.379000	20.756000	5.374000	20.790000	21.382000	20.895000	20.961000	21.058000	21.145000	21.304000	21.253000	21.323000	233.984000	234.022000	234.060000	234.098000	234.136000	234.174000	234.212000	234.249000	234.287000	234.325000	234.363000	234.401000	234.439000	234.477000	234.515000	234.553000	234.591000	234.628000	234.666000	234.704000	234.744000	234.782000	234.820000	234.857000	234.895000	234.933000	234.971000	235.009000	235.047000	235.085000	235.123000	235.161000	235.198000
20.614000	20.678000	20.992000	21.022000	21.559000	21.087000	21.806000	21.382000	21.644000	21.287000	21.447000	21.376000	21.349000	21.302000	21.300000	21.267000	21.337000	21.228000	21.284000	21.411000	20.685000	21.389000	20.773000	5.347000	20.787000	21.402000	20.872000	20.971000	21.075000	21.158000	21.277000	21.256000	21.306000	239.984000	240.022000	240.060000	240.098000	240.136000	240.174000	240.212000	240.250000	240.287000	240.325000	240.364000	240.401000	240.439000	240.477000	240.515000	240.553000	240.591000	240.629000	240.667000	240.704000	240.744000	240.782000	240.820000	240.857000	240.895000	240.933000	240.971000	241.009000	241.047000	241.085000	241.123000	241.160000	241.198000
20.580000	20.681000	20.988000	21.022000	21.535000	21.063000	21.779000	21.355000	21.650000	21.291000	21.441000	21.379000	21.352000	21.312000	21.303000	21.297000	21.340000	21.235000	21.294000	21.408000	20.691000	21.406000	20.786000	5.309000	20.790000	21.413000	20.899000	20.961000	21.072000	21.152000	21.277000	21.232000	21.319000	245.984000	246.022000	246.060000	246.098000	246.136000	246.174000	246.211000	246.249000	246.287000	246.325000	246.363000	246.401000	246.439000	246.477000	246.514000	246.553000	246.590000	246.628000	246.666000	246.704000	246.743000	246.781000	246.819000	246.857000	246.895000	246.933000	246.971000	247.009000	247.047000	247.084000	247.122000	247.160000	247.198000
20.614000	20.675000	20.992000	21.015000	21.542000	21.083000	21.766000	21.348000	21.654000	21.284000	21.441000	21.363000	21.332000	21.302000	21.306000	21.261000	21.354000	21.221000	21.311000	21.405000	20.688000	21.393000	20.786000	5.347000	20.793000	21.406000	20.889000	20.988000	21.095000	21.145000	21.273000	21.266000	21.319000	251.984000	252.022000	252.060000	252.098000	252.136000	252.173000	252.211000	252.249000	252.287000	252.325000	252.363000	252.401000	252.439000	252.477000	252.514000	252.552000	252.590000	252.628000	252.666000	252.704000	252.743000	252.781000	252.819000	252.857000	252.895000	252.933000	252.971000	253.009000	253.047000	253.085000	253.122000	253.160000	253.198000
20.601000	20.688000	20.972000	21.018000	21.518000	21.087000	21.749000	21.361000	21.664000	21.274000	21.437000	21.389000	21.355000	21.295000	21.303000	21.267000	21.323000	21.228000	21.277000	21.421000	20.658000	21.386000	20.773000	5.343000	20.790000	21.382000	20.879000	20.992000	21.088000	21.142000	21.277000	21.246000	21.313000	257.984000	258.022000	258.060000	258.098000	258.136000	258.174000	258.212000	258.250000	258.288000	258.326000	258.363000	258.401000	258.439000	258.477000	258.515000	258.553000	258.591000	258.629000	258.667000	258.705000	258.744000	258.782000	258.820000	258.858000	258.896000	258.934000	258.972000	259.010000	259.048000	259.085000	259.123000	259.161000	259.199000
20.601000	20.688000	20.972000	21.015000	21.515000	21.070000	21.749000	21.348000	21.664000	21.301000	21.437000	21.376000	21.352000	21.285000	21.296000	21.274000	21.323000	21.214000	21.301000	21.384000	20.654000	21.393000	20.779000	5.319000	20.763000	21.392000	20.875000	20.971000	21.055000	21.142000	21.290000	21.249000	21.309000	263.984000	264.022000	264.060000	264.098000	264.136000	264.174000	264.212000	264.249000	264.287000	264.325000	264.363000	264.401000	264.439000	264.477000	264.515000	264.552000	264.590000	264.628000	264.666000	264.704000	264.744000	264.781000	264.820000	264.857000	264.895000	264.933000	264.971000	265.009000	265.047000	265.085000	265.123000	265.160000	265.198000
20.577000	20.685000	20.978000	21.025000	21.498000	21.070000	21.736000	21.338000	21.684000	21.264000	21.437000	21.353000	21.365000	21.285000	21.283000	21.271000	21.337000	21.224000	21.294000	21.388000	20.681000	21.369000	20.793000	5.333000	20.797000	21.382000	20.889000	20.958000	21.088000	21.122000	21.273000	21.236000	21.309000	269.984000	270.022000	270.060000	270.098000	270.136000	270.174000	270.211000	270.249000	270.287000	270.325000	270.363000	270.401000	270.439000	270.477000	270.515000	270.552000	270.590000	270.628000	270.666000	270.704000	270.744000	270.781000	270.819000	270.857000	270.895000	270.933000	270.971000	271.009000	271.047000	271.085000	271.122000	271.160000	271.198000
20.614000	20.688000	20.992000	21.049000	21.502000	21.057000	21.742000	21.348000	21.691000	21.291000	21.444000	21.359000	21.342000	21.305000	21.303000	21.274000	21.320000	21.228000	21.301000	21.401000	20.664000	21.399000	20.786000	5.374000	20.787000	21.389000	20.875000	20.965000	21.058000	21.148000	21.287000	21.249000	21.319000	275.984000	276.022000	276.060000	276.098000	276.136000	276.174000	276.211000	276.249000	276.287000	276.325000	276.363000	276.401000	276.439000	276.476000	276.514000	276.552000	276.590000	276.628000	276.666000	276.704000	276.743000	276.781000	276.819000	276.857000	276.895000	276.933000	276.971000	277.009000	277.047000	277.085000	277.123000	277.160000	277.198000
20.594000	20.675000	20.998000	21.025000	21.495000	21.073000	21.739000	21.338000	21.684000	21.274000	21.447000	21.376000	21.328000	21.295000	21.279000	21.281000	21.327000	21.214000	21.294000	21.398000	20.651000	21.393000	20.789000	5.408000	20.770000	21.379000	20.875000	20.951000	21.055000	21.148000	21.263000	21.239000	21.313000	281.984000	282.022000	282.060000	282.098000	282.136000	282.174000	282.211000	282.249000	282.287000	282.325000	282.363000	282.401000	282.439000	282.477000	282.515000	282.553000	282.590000	282.628000	282.667000	282.704000	282.744000	282.782000	282.820000	282.858000	282.895000	282.933000	282.971000	283.009000	283.047000	283.085000	283.123000	283.161000	283.199000
20.577000	20.691000	20.988000	21.025000	21.485000	21.050000	21.716000	21.338000	21.660000	21.281000	21.424000	21.369000	21.335000	21.305000	21.293000	21.281000	21.323000	21.241000	21.281000	21.401000	20.664000	21.386000	20.749000	5.395000	20.770000	21.386000	20.879000	20.978000	21.058000	21.128000	21.287000	21.222000	21.293000	287.984000	288.022000	288.060000	288.098000	288.136000	288.174000	288.212000	288.250000	288.287000	288.325000	288.363000	288.401000	288.439000	288.477000	288.515000	288.552000	288.590000	288.628000	288.666000	288.704000	288.744000	288.781000	288.819000	288.857000	288.895000	288.933000	288.971000	289.009000	289.047000	289.084000	289.122000	289.160000	289.198000
20.617000	20.661000	20.968000	21.028000	21.461000	21.067000	21.719000	21.348000	21.674000	21.298000	21.431000	21.359000	21.345000	21.285000	21.300000	21.261000	21.327000	21.214000	21.297000	21.381000	20.664000	21.383000	20.786000	5.354000	20.793000	21.389000	20.875000	20.975000	21.062000	21.132000	21.287000	21.222000	21.303000	293.984000	294.022000	294.060000	294.098000	294.136000	294.174000	294.212000	294.250000	294.287000	294.325000	294.363000	294.401000	294.439000	294.477000	294.515000	294.553000	294.591000	294.629000	294.666000	294.704000	294.744000	294.782000	294.820000	294.858000	294.896000	294.934000	294.971000	295.009000	295.047000	295.085000	295.123000	295.161000	295.199000
20.587000	20.668000	20.975000	21.025000	21.461000	21.047000	21.699000	21.351000	21.657000	21.294000	21.437000	21.353000	21.349000	21.268000	21.293000	21.277000	21.337000	21.201000	21.277000	21.401000	20.644000	21.373000	20.776000	5.333000	20.780000	21.402000	20.859000	20.951000	21.058000	21.145000	21.287000	21.242000	21.299000	299.984000	300.022000	300.060000	300.098000	300.136000	300.174000	300.211000	300.249000	300.287000	300.325000	300.363000	300.401000	300.439000	300.477000	300.515000	300.552000	300.590000	300.628000	300.666000	300.704000	300.744000	300.781000	300.819000	300.857000	300.895000	300.933000	300.971000	301.009000	301.047000	301.084000	301.122000	301.160000	301.198000
20.614000	20.688000	20.998000	21.018000	21.438000	21.053000	21.689000	21.348000	21.664000	21.287000	21.427000	21.386000	21.342000	21.265000	21.266000	21.261000	21.340000	21.241000	21.284000	21.405000	20.664000	21.363000	20.783000	5.364000	20.767000	21.379000	20.885000	20.975000	21.072000	21.132000	21.287000	21.232000	21.303000	305.984000	306.022000	306.060000	306.098000	306.136000	306.174000	306.211000	306.249000	306.287000	306.325000	306.363000	306.401000	306.439000	306.477000	306.515000	306.552000	306.590000	306.628000	306.666000	306.704000	306.744000	306.782000	306.820000	306.857000	306.895000	306.933000	306.971000	307.009000	307.047000	307.085000	307.123000	307.161000	307.198000
